4.8,48.4,8.4,.84,84.,8.48.,4.84.,84.,844,.848848484,.4,8.48,.4,.44,.8.,4.84,.848.48,.4848448844884
1nm1nm11mnmn15\/\/\/\/\//\/\\\/\/\/////
1/1.4.,4,4,.84,.4.4,4\\4\4
444,,,,,,,,4,4,44,4,44444.......8888888888888888888............44444,,,,,,,,,
4, 10, 18.5,77
4,10.8,18.5,77
4.2,254,18.5
4,100,18.5,77
text                
4,100,18.5,77
4,100,18.5,77			
4,				100,18.5,77
5000000
pp
pp
dgd
4.8,48.4,8.4,.84,84.,8.48.,4.84.,84.,844,.848848484,.4,8.48,.4,.44,.8.,4.84,.848.48,.4848448844884
vdvd
3ed3f3f3
444,,,,,,,,4,4,44,4,44444.......8888888888888888888............44444,,,,,,,,,
1nm1nm11mnmn15\/\/\/\/\//\/\\\/\/\/////
4,100,18.5,77
1/1.4.,4,4,.84,.4.4,4\\4\4
4,100,18.5,77
                
				